#                                                                                 --- full sequence --- -------------- this domain -------------   hmm coord   ali coord   env coord
# target name             accession   tlen query name           accession   qlen   E-value  score  bias   #  of  c-Evalue  i-Evalue  score  bias  from    to  from    to  from    to  acc description of target
#     ------------------- ---------- ----- -------------------- ---------- ----- --------- ------ ----- --- --- --------- --------- ------ ----- ----- ----- ----- ----- ----- ----- ---- ---------------------
contig_8:805487-806830|+  -            448 613at766             -            373  1.5e-158  523.9  28.8   1   2  5.5e-141  1.9e-138  457.7  21.2     1   319     1   354     1   364 0.91 contig_8_790 # 805487 # 806830 # 1 # ID=19_790;partial=00;start_type=ATG;rbs_motif=None;rbs_spacer=None;gc_cont=0.357
contig_8:805487-806830|+  -            448 613at766             -            373  1.5e-158  523.9  28.8   2   2   1.7e-23   6.1e-21   71.0   0.9   318   373   374   430   367   430 0.93 contig_8_790 # 805487 # 806830 # 1 # ID=19_790;partial=00;start_type=ATG;rbs_motif=None;rbs_spacer=None;gc_cont=0.357
contig_18:302278-303189|+ -            304 613at766             -            373   4.4e-41  137.3   2.8   1   1   1.6e-43   5.5e-41  137.0   2.8    20   267    27   301     7   303 0.82 contig_18_293 # 302278 # 303189 # 1 # ID=5_293;partial=00;start_type=TTG;rbs_motif=AGGAG;rbs_spacer=5-10bp;gc_cont=0.361
contig_8:53958-55235|+    -            426 613at766             -            373   0.00019   16.8   0.2   1   3   5.4e-07   0.00019   16.8   0.2    52   112    76   136    60   141 0.82 contig_8_64 # 53958 # 55235 # 1 # ID=19_64;partial=00;start_type=ATG;rbs_motif=GGA/GAG/AGG;rbs_spacer=5-10bp;gc_cont=0.367
contig_8:53958-55235|+    -            426 613at766             -            373   0.00019   16.8   0.2   2   3       0.2        71   -1.6   0.1    14    48   178   212   161   222 0.58 contig_8_64 # 53958 # 55235 # 1 # ID=19_64;partial=00;start_type=ATG;rbs_motif=GGA/GAG/AGG;rbs_spacer=5-10bp;gc_cont=0.367
contig_8:53958-55235|+    -            426 613at766             -            373   0.00019   16.8   0.2   3   3      0.53   1.9e+02   -3.0   0.0    28    58   334   364   317   381 0.60 contig_8_64 # 53958 # 55235 # 1 # ID=19_64;partial=00;start_type=ATG;rbs_motif=GGA/GAG/AGG;rbs_spacer=5-10bp;gc_cont=0.367
contig_8:488318-489322|-  -            335 613at766             -            373   0.00038   15.8   1.2   1   1   1.7e-06   0.00059   15.1   0.7    87   137    89   143    59   149 0.77 contig_8_477 # 488318 # 489322 # -1 # ID=19_477;partial=00;start_type=ATG;rbs_motif=None;rbs_spacer=None;gc_cont=0.375
#
# Program:         hmmsearch
# Version:         3.1b2 (February 2015)
# Pipeline mode:   SEARCH
# Query file:      /private/groups/russelllab/jodie/busco_downloads/lineages/rickettsiales_odb10/hmms/613at766.hmm
# Target file:     private/groups/russelllab/jodie/merrill_23_wRi_genome/flye/merge_bootcamp_data/unpolished_busco.txt/prodigal_output/predicted_genes/predicted.faa
# Option settings: hmmsearch --domtblout private/groups/russelllab/jodie/merrill_23_wRi_genome/flye/merge_bootcamp_data/unpolished_busco.txt/run_rickettsiales_odb10/hmmer_output/613at766.out --cpu 1 /private/groups/russelllab/jodie/busco_downloads/lineages/rickettsiales_odb10/hmms/613at766.hmm private/groups/russelllab/jodie/merrill_23_wRi_genome/flye/merge_bootcamp_data/unpolished_busco.txt/prodigal_output/predicted_genes/predicted.faa 
# Current dir:     /private/groups/russelllab/jodie
# Date:            Fri Jan 17 16:13:39 2025
# [ok]
